PID;USUARIO;PR;NI;VIRT;RES;SHR;S;%CPU;%MEM;TEMPO+;COMANDO
1381;felipe;39;19;673208;19056;10864;S;31,2;0,2;10:44.81;tracker-miner-f
4493;felipe;20;0;15,7g;1,5g;72288;S;31,2;19,2;29:13.38;code
1618;felipe;20;0;5268752;512772;92152;S;18,8;6,3;29:18.98;gnome-shell
4469;felipe;20;0;756116;204708;79944;S;18,8;2,5;19:03.49;code
86348;felipe;20;0;446388;37024;14468;S;12,5;0,5;2:48.55;tracker-store
692;root;-51;0;0;0;0;S;6,2;0,0;8:41.06;irq/64-nvidia
1379;felipe;9;-11;3064664;15656;12120;S;6,2;0,2;5:31.76;pulseaudio
1459;felipe;20;0;1203400;67800;29408;R;6,2;0,8;35:38.92;Xorg
4433;felipe;20;0;5181928;120208;62804;S;6,2;1,5;2:51.91;code
128964;felipe;20;0;20880;4196;3444;R;6,2;0,1;0:00.01;top
1;root;20;0;167376;10124;7928;S;0,0;0,1;0:01.71;systemd
2;root;20;0;0;0;0;S;0,0;0,0;0:00.00;kthreadd
3;root;0;-20;0;0;0;I;0,0;0,0;0:00.00;rcu_gp
4;root;0;-20;0;0;0;I;0,0;0,0;0:00.00;rcu_par_gp
6;root;0;-20;0;0;0;I;0,0;0,0;0:00.00;kworker/0:0H-kblockd
9;root;0;-20;0;0;0;I;0,0;0,0;0:00.00;mm_percpu_wq
10;root;20;0;0;0;0;S;0,0;0,0;0:01.54;ksoftirqd/0
11;root;20;0;0;0;0;I;0,0;0,0;0:14.03;rcu_sched
12;root;rt;0;0;0;0;S;0,0;0,0;0:00.06;migration/0
13;root;-51;0;0;0;0;S;0,0;0,0;0:00.00;idle_inject/0
14;root;20;0;0;0;0;S;0,0;0,0;0:00.00;cpuhp/0
15;root;20;0;0;0;0;S;0,0;0,0;0:00.00;cpuhp/1
16;root;-51;0;0;0;0;S;0,0;0,0;0:00.00;idle_inject/1
17;root;rt;0;0;0;0;S;0,0;0,0;0:00.16;migration/1
18;root;20;0;0;0;0;S;0,0;0,0;0:01.28;ksoftirqd/1
20;root;0;-20;0;0;0;I;0,0;0,0;0:00.00;kworker/1:0H-kblockd
21;root;20;0;0;0;0;S;0,0;0,0;0:00.00;cpuhp/2
22;root;-51;0;0;0;0;S;0,0;0,0;0:00.00;idle_inject/2
23;root;rt;0;0;0;0;S;0,0;0,0;0:00.18;migration/2
24;root;20;0;0;0;0;S;0,0;0,0;0:01.38;ksoftirqd/2
26;root;0;-20;0;0;0;I;0,0;0,0;0:00.00;kworker/2:0H-kblockd
27;root;20;0;0;0;0;S;0,0;0,0;0:00.00;cpuhp/3
28;root;-51;0;0;0;0;S;0,0;0,0;0:00.00;idle_inject/3
29;root;rt;0;0;0;0;S;0,0;0,0;0:00.18;migration/3
30;root;20;0;0;0;0;S;0,0;0,0;0:01.62;ksoftirqd/3
32;root;0;-20;0;0;0;I;0,0;0,0;0:00.00;kworker/3:0H-kblockd
33;root;20;0;0;0;0;S;0,0;0,0;0:00.00;kdevtmpfs
34;root;0;-20;0;0;0;I;0,0;0,0;0:00.00;netns
35;root;20;0;0;0;0;S;0,0;0,0;0:00.00;rcu_tasks_kthre
36;root;20;0;0;0;0;S;0,0;0,0;0:00.00;rcu_tasks_rude_
37;root;20;0;0;0;0;S;0,0;0,0;0:00.00;rcu_tasks_trace
38;root;20;0;0;0;0;S;0,0;0,0;0:00.00;kauditd
42;root;20;0;0;0;0;S;0,0;0,0;0:00.02;khungtaskd
43;root;20;0;0;0;0;S;0,0;0,0;0:00.00;oom_reaper
44;root;0;-20;0;0;0;I;0,0;0,0;0:00.00;writeback
45;root;20;0;0;0;0;S;0,0;0,0;0:00.00;kcompactd0
46;root;25;5;0;0;0;S;0,0;0,0;0:00.00;ksmd
47;root;39;19;0;0;0;S;0,0;0,0;0:00.00;khugepaged
94;root;0;-20;0;0;0;I;0,0;0,0;0:00.00;kintegrityd
95;root;0;-20;0;0;0;I;0,0;0,0;0:00.00;kblockd
96;root;0;-20;0;0;0;I;0,0;0,0;0:00.00;blkcg_punt_bio
97;root;0;-20;0;0;0;I;0,0;0,0;0:00.00;tpm_dev_wq
98;root;0;-20;0;0;0;I;0,0;0,0;0:00.00;ata_sff
99;root;0;-20;0;0;0;I;0,0;0,0;0:00.00;md
100;root;0;-20;0;0;0;I;0,0;0,0;0:00.00;edac-poller
101;root;0;-20;0;0;0;I;0,0;0,0;0:00.00;devfreq_wq
102;root;rt;0;0;0;0;S;0,0;0,0;0:00.00;watchdogd
104;root;0;-20;0;0;0;I;0,0;0,0;0:00.00;pm_wq
105;root;-51;0;0;0;0;S;0,0;0,0;0:00.00;irq/25-AMD-Vi
107;root;20;0;0;0;0;S;0,0;0,0;0:04.36;kswapd0
108;root;20;0;0;0;0;S;0,0;0,0;0:00.00;ecryptfs-kthrea
110;root;0;-20;0;0;0;I;0,0;0,0;0:00.00;kthrotld
111;root;-51;0;0;0;0;S;0,0;0,0;0:00.00;irq/26-aerdrv
112;root;-51;0;0;0;0;S;0,0;0,0;0:00.00;irq/27-aerdrv
113;root;-51;0;0;0;0;S;0,0;0,0;0:00.00;irq/29-aerdrv
115;root;0;-20;0;0;0;I;0,0;0,0;0:00.00;acpi_thermal_pm
116;root;0;-20;0;0;0;I;0,0;0,0;0:00.00;vfio-irqfd-clea
117;root;0;-20;0;0;0;I;0,0;0,0;0:00.00;ipv6_addrconf
126;root;0;-20;0;0;0;I;0,0;0,0;0:00.00;kstrp
129;root;0;-20;0;0;0;I;0,0;0,0;0:00.00;zswap-shrink
130;root;0;-20;0;0;0;I;0,0;0,0;0:00.00;kworker/u65:0
135;root;0;-20;0;0;0;I;0,0;0,0;0:00.00;charger_manager
186;root;20;0;0;0;0;S;0,0;0,0;0:00.00;scsi_eh_0
187;root;0;-20;0;0;0;I;0,0;0,0;0:00.00;scsi_tmf_0
188;root;20;0;0;0;0;S;0,0;0,0;0:00.00;scsi_eh_1
189;root;0;-20;0;0;0;I;0,0;0,0;0:00.00;scsi_tmf_1
190;root;20;0;0;0;0;S;0,0;0,0;0:00.00;scsi_eh_2
191;root;0;-20;0;0;0;I;0,0;0,0;0:00.00;scsi_tmf_2
192;root;20;0;0;0;0;S;0,0;0,0;0:00.00;scsi_eh_3
193;root;0;-20;0;0;0;I;0,0;0,0;0:00.00;scsi_tmf_3
194;root;20;0;0;0;0;S;0,0;0,0;0:00.00;scsi_eh_4
195;root;0;-20;0;0;0;I;0,0;0,0;0:00.00;scsi_tmf_4
196;root;20;0;0;0;0;S;0,0;0,0;0:00.00;scsi_eh_5
197;root;0;-20;0;0;0;I;0,0;0,0;0:00.00;scsi_tmf_5
198;root;20;0;0;0;0;S;0,0;0,0;0:00.00;scsi_eh_6
199;root;0;-20;0;0;0;I;0,0;0,0;0:00.00;scsi_tmf_6
200;root;20;0;0;0;0;S;0,0;0,0;0:00.00;scsi_eh_7
201;root;0;-20;0;0;0;I;0,0;0,0;0:00.00;scsi_tmf_7
203;root;20;0;0;0;0;S;0,0;0,0;0:00.00;scsi_eh_8
204;root;0;-20;0;0;0;I;0,0;0,0;0:00.00;scsi_tmf_8
219;root;0;-20;0;0;0;I;0,0;0,0;0:00.15;kworker/3:1H-kblockd
238;root;0;-20;0;0;0;I;0,0;0,0;0:00.47;kworker/0:1H-kblockd
240;root;0;-20;0;0;0;I;0,0;0,0;0:00.20;kworker/1:1H-kblockd
241;root;20;0;0;0;0;D;0,0;0,0;0:01.61;jbd2/sda4-8
242;root;0;-20;0;0;0;I;0,0;0,0;0:00.00;ext4-rsv-conver
251;root;0;-20;0;0;0;I;0,0;0,0;0:00.19;kworker/2:1H-kblockd
282;root;19;-1;76668;24568;23380;S;0,0;0,3;0:01.40;systemd-journal
317;root;0;-20;0;0;0;S;0,0;0,0;0:00.02;loop0
318;root;0;-20;0;0;0;S;0,0;0,0;0:00.02;loop1
320;root;20;0;25148;4088;3276;S;0,0;0,1;0:01.43;systemd-udevd
321;root;0;-20;0;0;0;S;0,0;0,0;0:00.00;loop2
322;root;0;-20;0;0;0;S;0,0;0,0;0:00.00;loop3
323;root;0;-20;0;0;0;S;0,0;0,0;0:00.08;loop4
324;root;0;-20;0;0;0;S;0,0;0,0;0:00.01;loop5
325;root;0;-20;0;0;0;S;0,0;0,0;0:00.00;loop6
357;systemd+;20;0;24164;9164;7896;S;0,0;0,1;0:02.01;systemd-resolve
358;systemd+;20;0;90260;5492;5120;S;0,0;0,1;0:00.07;systemd-timesyn
398;root;0;-20;0;0;0;I;0,0;0,0;0:00.00;led_workqueue
400;root;20;0;247452;6520;5920;S;0,0;0,1;0:00.28;accounts-daemon
401;root;20;0;2548;752;704;S;0,0;0,0;0:00.38;acpid
404;avahi;20;0;8532;2764;2572;S;0,0;0,0;0:00.08;avahi-daemon
405;root;20;0;18052;2828;2652;S;0,0;0,0;0:00.01;cron
406;root;20;0;36808;7072;6324;S;0,0;0,1;0:00.02;cupsd
407;message+;20;0;10016;5828;3472;S;0,0;0,1;0:01.96;dbus-daemon
408;root;20;0;346184;13896;11640;S;0,0;0,2;0:03.42;NetworkManager
413;root;20;0;81936;3524;3344;S;0,0;0,0;0:00.58;irqbalance
414;root;20;0;47952;10628;7748;S;0,0;0,1;0:00.11;networkd-dispat
422;root;20;0;250100;10512;6200;S;0,0;0,1;0:03.13;polkitd
424;syslog;20;0;224356;3168;2756;S;0,0;0,0;0:00.27;rsyslogd
425;root;20;0;1744336;11680;5148;S;0,0;0,1;0:12.67;snapd
426;root;20;0;244628;5384;5012;S;0,0;0,1;0:00.06;switcheroo-cont
427;root;20;0;16832;6924;6532;S;0,0;0,1;0:00.42;systemd-logind
429;root;20;0;392708;9584;8012;S;0,0;0,1;0:01.06;udisksd
430;root;20;0;13688;2484;2172;S;0,0;0,0;0:00.04;wpa_supplicant
434;root;0;-20;0;0;0;I;0,0;0,0;0:00.00;cryptd
460;avahi;20;0;8352;124;0;S;0,0;0,0;0:00.00;avahi-daemon
474;root;20;0;0;0;0;S;0,0;0,0;0:00.00;ccp-1-q2
475;root;20;0;0;0;0;S;0,0;0,0;0:00.00;ccp-1-q3
476;root;20;0;0;0;0;S;0,0;0,0;0:00.00;ccp-1-q4
582;root;0;-20;0;0;0;I;0,0;0,0;0:00.00;amd_iommu_v2
583;root;0;-20;0;0;0;I;0,0;0,0;0:00.00;ttm_swap
591;root;-2;0;0;0;0;S;0,0;0,0;0:21.26;gfx
592;root;-2;0;0;0;0;S;0,0;0,0;0:00.00;comp_1.0.0
593;root;-2;0;0;0;0;S;0,0;0,0;0:00.00;comp_1.1.0
594;root;-2;0;0;0;0;S;0,0;0,0;0:00.00;comp_1.2.0
595;root;-2;0;0;0;0;S;0,0;0,0;0:00.00;comp_1.3.0
596;root;-2;0;0;0;0;S;0,0;0,0;0:00.00;comp_1.0.1
597;root;-2;0;0;0;0;S;0,0;0,0;0:00.00;comp_1.1.1
598;root;-2;0;0;0;0;S;0,0;0,0;0:00.00;comp_1.2.1
599;root;-2;0;0;0;0;S;0,0;0,0;0:00.00;comp_1.3.1
600;root;-2;0;0;0;0;S;0,0;0,0;0:00.02;sdma0
602;root;-2;0;0;0;0;S;0,0;0,0;0:00.00;vcn_dec
603;root;-2;0;0;0;0;S;0,0;0,0;0:00.00;vcn_enc0
604;root;-2;0;0;0;0;S;0,0;0,0;0:00.00;vcn_enc1
605;root;-2;0;0;0;0;S;0,0;0,0;0:00.00;jpeg_dec
674;root;20;0;0;0;0;S;0,0;0,0;0:00.00;nv_queue
675;root;20;0;0;0;0;S;0,0;0,0;0:00.00;nv_queue
685;root;20;0;0;0;0;S;0,0;0,0;0:00.96;nvidia-modeset/
686;root;20;0;0;0;0;S;0,0;0,0;0:00.00;nvidia-modeset/
693;root;20;0;0;0;0;S;0,0;0,0;0:00.00;nvidia
694;root;20;0;0;0;0;S;0,0;0,0;0:02.88;nv_queue
734;root;20;0;0;0;0;S;0,0;0,0;0:00.00;UVM;global;queu
735;root;20;0;0;0;0;S;0,0;0,0;0:00.00;UVM;deferred;re
736;root;20;0;0;0;0;S;0,0;0,0;0:00.00;UVM;Tools;Event
772;root;20;0;180444;8964;8288;S;0,0;0,1;0:00.06;cups-browsed
779;root;20;0;126740;10632;7884;S;0,0;0,1;0:00.09;unattended-upgr
785;root;20;0;240012;5716;4996;S;0,0;0,1;0:00.07;ModemManager
786;nvidia-+;20;0;5196;1488;1384;S;0,0;0,0;0:00.00;nvidia-persiste
799;root;20;0;248532;6448;5864;S;0,0;0,1;0:00.03;gdm3
824;root;20;0;175700;5972;5972;S;0,0;0,1;0:00.01;gdm-session-wor
831;gdm;20;0;18664;8368;7592;S;0,0;0,1;0:00.15;systemd
832;gdm;20;0;168612;616;0;S;0,0;0,0;0:00.00;(sd-pam)
837;gdm;9;-11;964520;10484;9188;S;0,0;0,1;0:00.34;pulseaudio
839;gdm;39;19;520708;14652;10416;S;0,0;0,2;0:00.14;tracker-miner-f
840;gdm;20;0;172940;5408;5408;S;0,0;0,1;0:00.00;gdm-x-session
842;gdm;20;0;1167048;30820;26468;S;0,0;0,4;0:02.26;Xorg
843;rtkit;21;1;152940;2744;2588;S;0,0;0,0;0:00.12;rtkit-daemon
848;gdm;20;0;7392;3592;3276;S;0,0;0,0;0:00.04;dbus-daemon
856;whoopsie;20;0;326856;10600;9860;S;0,0;0,1;0:00.04;whoopsie
861;kernoops;20;0;11264;80;0;S;0,0;0,0;0:00.24;kerneloops
863;kernoops;20;0;11264;344;0;S;0,0;0,0;0:00.25;kerneloops
872;gdm;20;0;248656;6080;5716;S;0,0;0,1;0:00.01;gvfsd
888;gdm;20;0;312808;4680;4680;S;0,0;0,1;0:00.00;gvfsd-fuse
896;gdm;20;0;323132;7220;6420;S;0,0;0,1;0:00.24;gvfs-udisks2-vo
901;gdm;20;0;244620;4660;4336;S;0,0;0,1;0:00.02;gvfs-mtp-volume
905;gdm;20;0;244824;4864;4700;S;0,0;0,1;0:00.00;gvfs-goa-volume
909;gdm;20;0;555136;14688;14276;S;0,0;0,2;0:00.07;goa-daemon
921;gdm;20;0;323936;5868;5868;S;0,0;0,1;0:00.20;goa-identity-se
923;gdm;20;0;247028;4816;4528;S;0,0;0,1;0:00.01;gvfs-gphoto2-vo
931;gdm;20;0;325672;7196;6840;S;0,0;0,1;0:00.26;gvfs-afc-volume
936;root;20;0;261132;7980;7124;S;0,0;0,1;0:00.26;upowerd
1025;gdm;20;0;5300;924;924;S;0,0;0,0;0:00.00;dbus-run-sessio
1026;gdm;20;0;7528;3700;3316;S;0,0;0,0;0:00.07;dbus-daemon
1027;gdm;20;0;566952;12160;11412;S;0,0;0,2;0:00.10;gnome-session-b
1030;gdm;20;0;305380;5248;5248;S;0,0;0,1;0:00.00;at-spi-bus-laun
1035;gdm;20;0;7116;3240;3172;S;0,0;0,0;0:00.00;dbus-daemon
1056;gdm;20;0;3848716;107520;56240;S;0,0;1,3;0:06.54;gnome-shell
1194;gdm;20;0;320064;6272;5660;S;0,0;0,1;0:00.04;ibus-daemon
1197;gdm;20;0;171720;5452;5452;S;0,0;0,1;0:00.00;ibus-memconf
1200;gdm;20;0;197448;14760;13624;S;0,0;0,2;0:00.02;ibus-x11
1205;gdm;20;0;245652;6108;5480;S;0,0;0,1;0:00.01;ibus-portal
1209;gdm;20;0;162784;5560;4920;S;0,0;0,1;0:00.00;at-spi2-registr
1216;gdm;20;0;244656;5816;5244;S;0,0;0,1;0:00.00;xdg-permission-
1225;gdm;20;0;2669032;17384;12520;S;0,0;0,2;0:00.05;gjs
1244;gdm;20;0;473868;7920;6768;S;0,0;0,1;0:00.02;gsd-sharing
1246;gdm;20;0;270872;14888;12872;S;0,0;0,2;0:00.02;gsd-wacom
1247;gdm;20;0;515144;17472;14800;S;0,0;0,2;0:00.11;gsd-color
1248;gdm;20;0;345100;16012;14028;S;0,0;0,2;0:00.02;gsd-keyboard
1249;gdm;20;0;257196;10144;8664;S;0,0;0,1;0:00.01;gsd-print-notif
1250;gdm;20;0;466068;5276;4684;S;0,0;0,1;0:00.01;gsd-rfkill
1251;gdm;20;0;324384;7892;6976;S;0,0;0,1;0:00.00;gsd-smartcard
1252;gdm;20;0;382840;13416;11476;S;0,0;0,2;0:00.01;gsd-datetime
1253;gdm;20;0;901016;18008;15240;S;0,0;0,2;0:00.06;gsd-media-keys
1254;gdm;20;0;244476;5384;4884;S;0,0;0,1;0:00.00;gsd-screensaver
1255;gdm;20;0;328572;8012;6992;S;0,0;0,1;0:00.00;gsd-sound
1256;gdm;20;0;318884;6072;5456;S;0,0;0,1;0:00.00;gsd-a11y-settin
1257;gdm;20;0;320956;6944;6148;S;0,0;0,1;0:00.17;gsd-housekeepin
1259;gdm;20;0;419716;16456;14176;S;0,0;0,2;0:00.06;gsd-power
1261;gdm;20;0;171840;6020;5416;S;0,0;0,1;0:00.00;ibus-engine-sim
1288;gdm;20;0;351156;13836;11948;S;0,0;0,2;0:00.01;gsd-printer
1337;colord;20;0;255412;9880;7816;S;0,0;0,1;0:00.18;colord
1365;root;20;0;323728;7752;6484;S;0,0;0,1;0:00.05;gdm-session-wor
1373;felipe;20;0;19100;9068;7676;S;0,0;0,1;0:00.70;systemd
1374;felipe;20;0;168784;768;0;S;0,0;0,0;0:00.00;(sd-pam)
1384;felipe;20;0;8736;5164;3396;S;0,0;0,1;0:17.63;dbus-daemon
1401;felipe;20;0;249292;5004;4412;S;0,0;0,1;0:00.61;gnome-keyring-d
1403;felipe;20;0;248768;6304;5624;S;0,0;0,1;0:00.15;gvfsd
1409;felipe;20;0;378344;5004;4832;S;0,0;0,1;0:00.00;gvfsd-fuse
1416;felipe;20;0;323140;7036;6132;S;0,0;0,1;0:00.22;gvfs-udisks2-vo
1422;felipe;20;0;244620;4684;4332;S;0,0;0,1;0:00.05;gvfs-mtp-volume
1426;felipe;20;0;244824;4776;4580;S;0,0;0,1;0:00.04;gvfs-goa-volume
1430;felipe;20;0;555148;14812;14336;S;0,0;0,2;0:00.04;goa-daemon
1437;felipe;20;0;323936;6320;6084;S;0,0;0,1;0:00.17;goa-identity-se
1443;felipe;20;0;247028;5964;5536;S;0,0;0,1;0:00.05;gvfs-gphoto2-vo
1447;felipe;20;0;325672;7028;6640;S;0,0;0,1;0:00.29;gvfs-afc-volume
1457;felipe;20;0;172940;5608;5368;S;0,0;0,1;0:00.00;gdm-x-session
1494;felipe;20;0;197012;10864;10864;S;0,0;0,1;0:00.04;gnome-session-b
1568;felipe;20;0;6040;36;0;S;0,0;0,0;0:00.03;ssh-agent
1585;felipe;20;0;305416;5408;5228;S;0,0;0,1;0:00.00;at-spi-bus-laun
1590;felipe;20;0;7380;3508;3248;S;0,0;0,0;0:00.84;dbus-daemon
1597;felipe;20;0;98876;3336;3336;S;0,0;0,0;0:00.00;gnome-session-c
1604;felipe;20;0;494168;12752;11324;S;0,0;0,2;0:00.56;gnome-session-b
1637;felipe;20;0;320092;6652;5576;S;0,0;0,1;0:00.38;ibus-daemon
1641;felipe;20;0;171876;5632;5476;S;0,0;0,1;0:00.00;ibus-memconf
1642;felipe;20;0;281004;18328;16424;S;0,0;0,2;0:00.97;ibus-extension-
1646;felipe;20;0;581172;8892;8432;S;0,0;0,1;0:00.13;gnome-shell-cal
1648;felipe;20;0;201276;17664;16164;S;0,0;0,2;0:00.11;ibus-x11
1651;felipe;20;0;245784;5928;5436;S;0,0;0,1;0:00.49;ibus-portal
1653;felipe;20;0;244656;5388;5140;S;0,0;0,1;0:00.00;xdg-permission-
1662;felipe;20;0;162916;5140;4912;S;0,0;0,1;0:02.75;at-spi2-registr
1676;felipe;20;0;1014064;14384;13032;S;0,0;0,2;0:00.08;evolution-sourc
1683;felipe;20;0;405744;7516;5952;S;0,0;0,1;0:00.40;gvfsd-trash
1696;felipe;20;0;848068;14052;13332;S;0,0;0,2;0:00.12;evolution-calen
1698;felipe;20;0;2742864;17260;14488;S;0,0;0,2;0:00.10;gjs
1712;felipe;20;0;318884;5588;5320;S;0,0;0,1;0:00.09;gsd-a11y-settin
1713;felipe;20;0;592040;18300;16484;S;0,0;0,2;0:00.30;gsd-color
1714;felipe;20;0;382844;11612;11344;S;0,0;0,1;0:00.10;gsd-datetime
1716;felipe;20;0;320956;6508;6104;S;0,0;0,1;0:00.27;gsd-housekeepin
1717;felipe;20;0;349460;18340;16372;S;0,0;0,2;0:00.23;gsd-keyboard
1723;felipe;20;0;904700;20564;18004;S;0,0;0,3;0:00.53;gsd-media-keys
1724;felipe;20;0;349664;18660;16824;S;0,0;0,2;0:00.33;gsd-power
1725;felipe;20;0;257192;8932;8316;S;0,0;0,1;0:00.10;gsd-print-notif
1726;felipe;20;0;466068;4972;4696;S;0,0;0,1;0:00.11;gsd-rfkill
1730;felipe;20;0;244476;4972;4716;S;0,0;0,1;0:00.11;gsd-screensaver
1731;felipe;20;0;473872;7908;7404;S;0,0;0,1;0:00.11;gsd-sharing
1735;felipe;20;0;398248;5740;5548;S;0,0;0,1;0:00.09;gsd-smartcard
1737;felipe;20;0;328764;8456;7896;S;0,0;0,1;0:00.10;gsd-sound
1739;felipe;20;0;394192;6428;6032;S;0,0;0,1;0:00.11;gsd-usb-protect
1742;felipe;20;0;348828;18092;16016;S;0,0;0,2;0:00.23;gsd-wacom
1744;felipe;20;0;323212;6032;5748;S;0,0;0,1;0:00.09;gsd-wwan
1752;felipe;20;0;350004;18368;16488;S;0,0;0,2;0:00.37;gsd-xsettings
1775;felipe;20;0;351156;12268;11864;S;0,0;0,2;0:00.01;gsd-printer
1778;felipe;20;0;645588;22672;21324;S;0,0;0,3;0:00.29;evolution-alarm
1785;felipe;20;0;231800;4216;3808;S;0,0;0,1;0:00.01;gsd-disk-utilit
1820;felipe;20;0;171868;5716;5444;S;0,0;0,1;0:00.06;ibus-engine-sim
1860;felipe;20;0;1231644;10692;6780;S;0,0;0,1;0:07.24;snap-store
1878;felipe;20;0;540316;5272;4972;S;0,0;0,1;0:00.58;xdg-document-po
1897;felipe;20;0;156364;5120;4524;S;0,0;0,1;0:00.10;dconf-service
1901;felipe;20;0;756300;12260;11836;S;0,0;0,2;0:00.07;evolution-addre
2660;felipe;20;0;171260;5636;5144;S;0,0;0,1;0:18.94;gvfsd-metadata
2663;felipe;20;0;470360;24332;22796;S;0,0;0,3;0:00.48;update-notifier
3472;felipe;20;0;18132;2324;2064;S;0,0;0,0;0:00.01;brave-browser-s
3478;felipe;20;0;16860;552;488;S;0,0;0,0;0:00.00;cat
3479;felipe;20;0;16860;552;488;S;0,0;0,0;0:00.00;cat
3480;felipe;20;0;32,9g;376924;108396;S;0,0;4,7;4:47.51;brave
3504;felipe;20;0;32,3g;33516;21580;S;0,0;0,4;0:00.02;brave
3505;felipe;20;0;32,3g;33512;21576;S;0,0;0,4;0:00.02;brave
3507;felipe;20;0;32,3g;15296;3368;S;0,0;0,2;0:00.16;brave
3526;felipe;20;0;32,6g;238436;100444;S;0,0;3,0;12:03.18;brave
3533;felipe;20;0;32,4g;64628;37836;S;0,0;0,8;1:11.08;brave
3540;felipe;20;0;32,3g;29880;4836;S;0,0;0,4;0:00.02;brave
3550;felipe;20;0;32,3g;31808;18624;S;0,0;0,4;0:02.16;brave
3555;felipe;20;0;32,3g;41500;29156;S;0,0;0,5;0:01.39;brave
3574;felipe;20;0;36,4g;136340;56500;S;0,0;1,7;0:14.02;brave
3662;felipe;20;0;36,4g;68208;49436;S;0,0;0,8;0:00.25;brave
3678;felipe;20;0;203636;23540;9136;S;0,0;0,3;0:00.13;chrome-gnome-sh
3700;felipe;20;0;32,3g;60156;22684;S;0,0;0,7;0:02.98;brave
3988;felipe;20;0;32,6g;40792;28080;S;0,0;0,5;0:18.17;brave
4009;felipe;20;0;36,4g;68072;49616;S;0,0;0,8;0:00.28;brave
4435;felipe;20;0;198028;21508;14432;S;0,0;0,3;0:00.02;code
4436;felipe;20;0;198028;21632;14560;S;0,0;0,3;0:00.01;code
4476;felipe;20;0;253536;31348;21900;S;0,0;0,4;0:00.43;code
4516;felipe;20;0;4597248;127340;24808;S;0,0;1,6;0:44.50;code
4530;felipe;20;0;4701248;93296;41576;S;0,0;1,2;14:20.43;code
4545;felipe;20;0;4479784;51716;22616;S;0,0;0,6;1:05.87;code
4567;felipe;20;0;4553904;55620;23204;S;0,0;0,7;7:06.49;code
4588;felipe;20;0;19248;3604;2208;S;0,0;0,0;0:00.01;bash
4595;felipe;20;0;4454348;93828;22776;S;0,0;1,2;0:04.29;code
4596;felipe;20;0;5253148;196108;23812;S;0,0;2,4;0:49.49;code
4616;felipe;20;0;4483244;56036;22640;S;0,0;0,7;0:08.06;code
4794;felipe;20;0;1390572;46828;6552;S;0,0;0,6;0:05.80;cpptools
4825;felipe;20;0;4956012;86280;6692;S;0,0;1,1;0:06.04;cpptools-srv
4859;felipe;20;0;19960;4684;3176;S;0,0;0,1;0:00.02;bash
5632;felipe;20;0;397164;7540;6448;S;0,0;0,1;0:00.13;gvfsd-network
5641;felipe;20;0;497876;11428;8532;S;0,0;0,1;0:00.02;gvfsd-smb-brows
5648;felipe;20;0;323936;7272;6324;S;0,0;0,1;0:00.04;gvfsd-dnssd
6886;felipe;20;0;4453976;96780;22632;S;0,0;1,2;0:03.55;code
13038;felipe;20;0;36,4g;130840;81552;S;0,0;1,6;1:24.00;brave
43783;felipe;20;0;864788;31784;21508;S;0,0;0,4;0:00.24;gnome-calendar
43789;felipe;20;0;398392;31824;19604;S;0,0;0,4;0:00.22;seahorse
43922;root;20;0;269964;32168;21280;S;0,0;0,4;0:00.44;python3
46551;gdm;20;0;171196;5668;5076;S;0,0;0,1;0:00.00;gvfsd-metadata
55844;felipe;20;0;323876;8608;6716;S;0,0;0,1;0:00.17;gvfsd-recent
66571;felipe;20;0;4469332;42644;23396;S;0,0;0,5;0:00.61;code
86389;felipe;20;0;5888;3360;3160;S;0,0;0,0;0:00.84;main
86397;felipe;39;19;2188080;106436;34724;S;0,0;1,3;2:14.80;tracker-extract
103923;root;20;0;0;0;0;I;0,0;0,0;0:03.10;kworker/u64:0-ext4-rsv-conversion
111349;root;20;0;0;0;0;I;0,0;0,0;0:01.53;kworker/2:2-events
117379;root;20;0;460356;23816;20456;S;0,0;0,3;0:00.25;fwupd
117381;root;20;0;0;0;0;I;0,0;0,0;0:01.08;kworker/1:2-events
117458;root;20;0;0;0;0;I;0,0;0,0;0:00.71;kworker/3:5-rcu_par_gp
120440;root;20;0;0;0;0;I;0,0;0,0;0:00.94;kworker/u64:2-events_unbound
122191;root;20;0;0;0;0;I;0,0;0,0;0:00.04;kworker/0:0-events
124392;root;20;0;0;0;0;I;0,0;0,0;0:00.30;kworker/3:0-rcu_par_gp
124393;root;20;0;0;0;0;I;0,0;0,0;0:00.01;kworker/1:0-events
124437;felipe;20;0;0;0;0;Z;0,0;0,0;0:00.08;createThumbnail
124690;root;20;0;0;0;0;I;0,0;0,0;0:00.09;kworker/u64:3-ext4-rsv-conversion
124750;root;20;0;0;0;0;I;0,0;0,0;0:00.34;kworker/0:2-events
125309;root;20;0;0;0;0;I;0,0;0,0;0:00.32;kworker/2:1-events
125370;felipe;20;0;36,5g;238980;109208;S;0,0;3,0;0:30.87;brave
125535;felipe;20;0;36,4g;209264;120192;S;0,0;2,6;0:08.03;brave
125616;felipe;20;0;945632;58384;42488;S;0,0;0,7;0:05.74;pavucontrol
127140;felipe;20;0;36,4g;85828;68772;S;0,0;1,1;0:00.12;brave
127438;felipe;20;0;36,4g;160612;114832;S;0,0;2,0;0:03.21;brave
127451;felipe;20;0;36,3g;64136;43372;S;0,0;0,8;0:01.32;brave
127630;felipe;20;0;40,5g;222444;98812;S;0,0;2,8;0:13.79;brave
127724;felipe;20;0;36,4g;141456;92492;S;0,0;1,8;0:14.32;brave
127918;felipe;20;0;36,4g;106688;80392;S;0,0;1,3;0:00.65;brave
128024;root;20;0;0;0;0;I;0,0;0,0;0:00.00;kworker/u64:1
128580;felipe;20;0;36,4g;50808;35876;S;0,0;0,6;0:00.02;brave
128606;felipe;20;0;1151480;76748;47068;S;0,0;1,0;0:01.77;nautilus
128616;root;20;0;16264;5716;5016;S;0,0;0,1;0:00.04;systemd-hostnam
128617;root;20;0;0;0;0;I;0,0;0,0;0:00.00;kworker/0:1-events
128637;root;20;0;0;0;0;I;0,0;0,0;0:00.01;kworker/3:1-events
128638;root;20;0;0;0;0;I;0,0;0,0;0:00.00;kworker/1:1-events
128641;root;20;0;0;0;0;I;0,0;0,0;0:00.00;kworker/2:0-events
128644;root;20;0;0;0;0;I;0,0;0,0;0:00.00;kworker/0:3-events
128660;root;20;0;0;0;0;I;0,0;0,0;0:00.00;kworker/2:3-events
128814;felipe;20;0;822616;50132;37900;S;0,0;0,6;0:00.29;gnome-terminal-
128821;felipe;20;0;19248;4892;3496;S;0,0;0,1;0:00.01;bash
128931;felipe;20;0;4576876;113652;80824;S;0,0;1,4;0:00.19;code
128963;felipe;20;0;2616;604;532;S;0,0;0,0;0:00.00;sh
128965;felipe;20;0;18268;988;904;S;0,0;0,0;0:00.00;awk
128966;felipe;20;0;17800;712;592;S;0,0;0,0;0:00.00;sed
